
                             _U:U1 PI: MAIN-1 
                  X                N: 2_1     

                0.                 0.         
               10.E-03             9.56331E-03
               20.E-03            19.1265E-03 
               35.E-03            33.4713E-03 
               57.5E-03           54.9881E-03 
               87.5E-03           83.6766E-03 
              117.5E-03          112.365E-03  
              147.5E-03          141.052E-03  
              177.5E-03          169.739E-03  
              207.5E-03          198.425E-03  
              237.5E-03          227.111E-03  
              267.5E-03          255.797E-03  
              297.5E-03          284.482E-03  
              327.5E-03          313.166E-03  
              357.5E-03          341.85E-03   
              387.5E-03          370.534E-03  
              417.5E-03          399.218E-03  
              447.5E-03          427.901E-03  
              477.5E-03          456.584E-03  
              507.5E-03          485.266E-03  
              537.5E-03          513.948E-03  
              567.5E-03          542.63E-03   
              597.5E-03          571.312E-03  
              627.5E-03          599.994E-03  
              657.5E-03          628.675E-03  
              687.5E-03          657.356E-03  
              717.5E-03          686.037E-03  
              747.5E-03          714.718E-03  
              777.5E-03          743.399E-03  
              807.5E-03          772.08E-03   
              837.5E-03          800.76E-03   
              867.5E-03          829.441E-03  
              897.5E-03          858.122E-03  
              927.5E-03          886.802E-03  
              957.5E-03          915.483E-03  
              987.5E-03          944.164E-03  
                1.0175           972.844E-03  
                1.0475             1.00153    
                1.0775             1.03021    
                1.1075             1.05889    
                1.1375             1.08757    
                1.1675             1.11625    
                1.1975             1.14493    
                1.2275             1.17361    
                1.2575             1.2023     
                1.2875             1.23098    
                1.3175             1.25966    
                1.3475             1.28834    
                1.3775             1.31703    
                1.4075             1.34571    
                1.4375             1.3744     
                1.4675             1.40308    
                1.4975             1.43177    
                1.5275             1.46045    
                1.5575             1.48914    
                1.5875             1.51782    
                1.6175             1.54651    
                1.6475             1.5752     
                1.6775             1.60389    
                1.7075             1.63257    
                1.7375             1.66126    
                1.7675             1.68995    
                1.7975             1.71864    
                1.8275             1.74733    
                1.8575             1.77602    
                1.8875             1.80472    
                1.9175             1.83341    
                1.9475             1.8621     
                1.9775             1.89079    
                2.0075             1.91949    
                2.0375             1.94818    
                2.0675             1.97687    
                2.0975             2.00556    
                2.1275             2.03425    
                2.1575             2.06294    
                2.1875             2.09162    
                2.2175             2.1203     
                2.2475             2.14898    
                2.2775             2.17765    
                2.3075             2.20632    
                2.3375             2.23499    
                2.3675             2.26366    
                2.3975             2.2923     
                2.4275             2.32094    
                2.4575             2.34958    
                2.4875             2.3782     
                2.5175             2.40681    
                2.5475             2.4354     
                2.5775             2.46395    
                2.6075             2.49249    
                2.6375             2.52099    
                2.6675             2.54946    
                2.6975             2.57785    
                2.7275             2.60617    
                2.7575             2.63444    
                2.7875             2.66264    
                2.8175             2.69079    
                2.8475             2.7188     
                2.8775             2.74664    
                2.9075             2.77371    
                2.9375             2.79965    
                2.945              2.80605    
                2.95625            2.81437    
                2.96047            2.81784    
                2.96205            2.81939    
                2.96442            2.81655    
                2.9668             2.81552    
                2.96917            2.81734    
                2.97273            2.82168    
                2.97807            2.82944    
                2.98341            2.83876    
                2.98875            2.8481     
                2.99676            2.86319    
                3.00877            2.88619    
                3.02679            2.91965    
                3.04481            2.95147    
                3.06283            2.98645    
                3.08085            3.0221     
                3.10788            3.07602    
                3.13788            3.13629    
                3.16788            3.19664    
                3.19788            3.25681    
                3.22788            3.31664    
                3.25788            3.37608    
                3.28788            3.4353     
                3.31788            3.49423    
                3.34788            3.55348    
                3.37788            3.61322    
                3.40788            3.67314    
                3.43788            3.7334     
                3.46788            3.79388    
                3.49788            3.85445    




