
                             _U:U1 PI: FOD-TWR
                  X               -1 N: 2     

                0.                 0.         
               10.E-03             9.60994E-03
               20.E-03            19.2198E-03 
               35.E-03            33.6345E-03 
               57.5E-03           55.2562E-03 
               87.5E-03           84.0847E-03 
              117.5E-03          112.913E-03  
              147.5E-03          141.74E-03   
              177.5E-03          170.567E-03  
              207.5E-03          199.393E-03  
              237.5E-03          228.219E-03  
              267.5E-03          257.044E-03  
              297.5E-03          285.869E-03  
              327.5E-03          314.693E-03  
              357.5E-03          343.517E-03  
              387.5E-03          372.341E-03  
              417.5E-03          401.164E-03  
              447.5E-03          429.986E-03  
              477.5E-03          458.809E-03  
              507.5E-03          487.631E-03  
              537.5E-03          516.452E-03  
              567.5E-03          545.273E-03  
              597.5E-03          574.094E-03  
              627.5E-03          602.915E-03  
              657.5E-03          631.735E-03  
              687.5E-03          660.555E-03  
              717.5E-03          689.375E-03  
              747.5E-03          718.194E-03  
              777.5E-03          747.014E-03  
              807.5E-03          775.833E-03  
              837.5E-03          804.652E-03  
              867.5E-03          833.47E-03   
              897.5E-03          862.289E-03  
              927.5E-03          891.107E-03  
              957.5E-03          919.926E-03  
              987.5E-03          948.744E-03  
                1.0175           977.562E-03  
                1.0475             1.00638    
                1.0775             1.0352     
                1.1075             1.06402    
                1.1375             1.09283    
                1.1675             1.12165    
                1.1975             1.15047    
                1.2275             1.17929    
                1.2575             1.2081     
                1.2875             1.23692    
                1.3175             1.26574    
                1.3475             1.29456    
                1.3775             1.32338    
                1.4075             1.35219    
                1.4375             1.38101    
                1.4675             1.40983    
                1.4975             1.43865    
                1.5275             1.46747    
                1.5575             1.49629    
                1.5875             1.52511    
                1.6175             1.55393    
                1.6475             1.58275    
                1.6775             1.61157    
                1.7075             1.64039    
                1.7375             1.66921    
                1.7675             1.69803    
                1.7975             1.72685    
                1.8275             1.75567    
                1.8575             1.7845     
                1.8875             1.81332    
                1.9175             1.84214    
                1.9475             1.87097    
                1.9775             1.89979    
                2.0075             1.92861    
                2.0375             1.95744    
                2.0675             1.98626    
                2.0975             2.01509    
                2.1275             2.04392    
                2.1575             2.07275    
                2.1875             2.10157    
                2.2175             2.1304     
                2.2475             2.15923    
                2.2775             2.18807    
                2.3075             2.2169     
                2.3375             2.24573    
                2.3675             2.27456    
                2.3975             2.30339    
                2.4275             2.33223    
                2.4575             2.36107    
                2.4875             2.38991    
                2.5175             2.41876    
                2.5475             2.4476     
                2.5775             2.47645    
                2.6075             2.50529    
                2.6375             2.53414    
                2.6675             2.56298    
                2.6975             2.59184    
                2.7275             2.6207     
                2.7575             2.64956    
                2.7875             2.67842    
                2.8175             2.70729    
                2.8475             2.73616    
                2.8775             2.76502    
                2.9075             2.79389    
                2.9375             2.82274    
                2.9675             2.85157    
                2.9975             2.8804     
                3.0275             2.90923    
                3.0575             2.93806    
                3.0875             2.96687    
                3.1175             2.99561    
                3.1475             3.02412    
                3.1775             3.05236    
                3.185              3.05927    
                3.19625            3.06932    
                3.20047            3.07471    
                3.20205            3.07753    
                3.20442            3.07283    
                3.2068             3.06817    
                3.20917            3.0634     
                3.21273            3.05634    
                3.21629            3.04886    
                3.21985            3.04136    
                3.22519            3.03007    
                3.22719            3.02397    
                3.22794            3.01795    
                3.22907            3.01247    
                3.23076            3.00426    
                3.23329            2.99193    
                3.23709            2.97345    
                3.24279            2.94572    
                3.25135            2.90413    
                3.26418            2.84176    
                3.28342            2.74819    
                3.31228            2.60785    
                3.34228            2.462      
                3.37228            2.31615    
                3.40228            2.17032    
                3.43228            2.02448    
                3.46228            1.87866    
                3.49228            1.73283    
                3.52228            1.58701    
                3.55228            1.44118    




